GPU:
pos: -0.1360946 0.4818 -0.3034267
rot: 90 90 0

RAM 1:
pos: -0.1290946 0.7046 -0.08222675
rot: 90 0 270

RAM 2:
pos: -0.1290946 0.7046 -0.02732706
rot: 90 0 270

COOLER:
pos: -0.1539941 0.7273 -0.2122269
rot: 0 0 270

CPU:
pos: -0.1406 0.7068 -0.212
rot: 0 0 270

FAN 1:
pos: 0.02380562 0.8748 -0.1164269
rot: 0 0 0

FAN 2:
pos: 0.02380562 0.8748 0.09057331
rot: 0 0 0

PSU:
TO SLIDE:
	pos: 0 0.0877855 -0.5799
	rot: 0 180 0
	scale: 0.84974 0.84974 0.84974
FIT:
	pos: 0 0.0877855 -0.3152

MOBO:
pos:  -0.1410947 0.267 0.02077293
rot: 90 90 0

INTERNET USB:
pos: -0.109 0.651 -0.508
rot1: 90 0 -90
rot2: -90 0 90

OTHER USBS:
pos1: -0.12246 0.7075 -0.509
pos2: -0.109
pos3: -0.097
pos4: -0.085

rot1: 90 0 -90
rot2: -90 0 90